$ANSIBLE_VAULT;1.1;AES256
62373030343530363130356135376162366263653435376262343536333938343066336565326665
6662633762353030323530643238653732613630346430330a303462643937366663643432343133
34626532633863303163363839376632323035383566613830616666313334383739336465623938
6165343838636261390a663939333765653934636436353739653165313239356536353263663339
62303835666533646561396330363961333839303038346338386439616461666262653566313738
35656662643766663636393764373463353230643361383738616432353161303461383663396632
64656530373531303131313737366164653562646234383163636566646431376535386464323136
61633763326665393261313536373166323630303634613761313731643261393238303437666132
63663233623433303166633062303930366236306339663232613733623736393431326466333638
62646531353237323437323565336131376633303531376233616461663166383965626364303434
61326262626336356535386339623465363961636239306265643230323837616437356263303362
35613063633532613335633465616637343932663037633761396366366138316566613562636263
34373633313139623332323261303866323539656637333761356463656236643463386364333034
66613262383566353265643830383266333531663032613037616534383232366139633639313666
39636632343065396561303531643036663665316463613138323865623065363864383934663934
34333030653133373934
