$ANSIBLE_VAULT;1.1;AES256
33626236616239366533643033326461613432393661376261616563373663343936363762373661
3730666563386435313338363939316633313064333336320a306235383035643836643736343666
64336433303266333539626335383334396466656430623336376230366537363366623264346163
3033303236623633610a346630353335343662326530316234323766613739653665316461353432
31623063383464303165363638613333343335316639323664333138636465303236373736376134
36326539633264353262376534393133303437323334623462653762626338656465313238336664
38396230356530376231366531656436616561343937353134363430656562303838633836643336
38346332333062393366653735363930656539656161393764303965623831383838646237663036
31356637353838613866363366306637623663383162626561636366333030623936343563633162
31636338323562323932616234623461326532643463636436623236623865333031356631636135
636639373063633462393939306634353564
